13.629150
10.705335
9.722677
16.250000
0.000000
0.702648
0.000000
16.250000
0.000000
0.000000
16.250000
14.247036
14.478403
16.250000
0.000000
4.915309
16.250000
0.000000
16.250000
5.048332
8.242274
16.250000
0.000000
16.250000
0.000000
0.000000
16.250000
0.000000
12.268951
16.250000
0.000000
0.257928
0.000000
16.250000
16.250000
0.000000
2.535318
16.250000
0.000000
16.250000
0.000000
16.250000
0.000000
16.250000
0.862319
2.756690
16.250000
0.000000
0.286568
2.374502
0.000000
16.250000
0.000000
16.250000
4.713554
16.250000
3.538647
4.347926
16.250000
0.000000
